$ANSIBLE_VAULT;1.1;AES256
61366661633465383737326331303664353138343531396535333966656334373036313663333562
6530386664356361323665323831343037373730306135300a373039383761653263303839323662
37616264303162643933376435306262616238303062383539663261333836393331616362303136
6135383765653437340a393836613031326264396464656432393233376139653232613731633535
63643538366565616163386435353761306331633639653937626335636563613433633637396333
32613532326563333036363463666664383563393562613261343830313532386639316237353661
34666562643164393332336337646361316266396138316634393135613066393239343264323436
62616539643461663832393837343234333865323038643035306532613163363739376637313337
63636464313239343031656639613263333837333963333739653930306464386666633035373934
63373137663832613363363338316530306364663834313031633730613434303230626639313338
38333061363132613430623539326235343839326534653566303666336562636461333331653636
36373962313663323964643332333564383633366239303330623664653737613032393264633730
66636433613162316336396661633737366634663661663465323532363235346132373233383532
38366635643034316237396639626164656361363732303135633839653931366338636364656432
34613265646336336665633531623931303664323139663138643833323066626464666631616631
63653838373664303461633130366634663330613061326236613236643962383366363830353535
32643938363636663865356235343234663935636562656634633834366538343064343336386635
63353837353134353032373066373236333036313233333266613263613531303934383661376138
32303637353366306161326138663261383164363236323836386134663437646434316361613937
35623235343966633261626236313063643163666430623963646430376439653865363535616431
66366137653030623463383330323931616363316666653661666461323065656561663932626331
39326562663965613235626535643936303239393537636336623839356432323562643135633465
32656434623665393739353066396238333461646634393033316335373539353433643164303838
66333836323531653064
